1
# testing comments
# bot count
25
# first cluster
55.00000 0.00010 0.00005 10000
55.00000 0.00005 0.00008 10000
55.00000 0.00003 0.00005 13000
55.00000 0.00007 0.00007 10000
55.00000 0.00006 0.00006 15000
55.00000 0.00015 0.00008 16000
55.00000 0.00020 0.00005 20000
# second cluster
56.00000 0.00010 0.00005 10000
56.00000 0.00005 0.00008 10000
56.00000 0.00003 0.00005 13000
56.00000 0.00007 0.00007 10000
56.00000 0.00006 0.00006 15000
56.00000 0.00015 0.00008 16000
56.00000 0.00020 0.00005 20000
56.00005 0.00010 0.00005 10000
56.00005 0.00005 0.00008 10000
56.00005 0.00003 0.00005 13000
56.00005 0.00007 0.00007 10000
56.00005 0.00006 0.00006 15000
56.00005 0.00015 0.00008 16000
# third cluster
56.50000 0.00010 0.00005 10000
56.50000 0.00005 0.00008 10000
56.50000 0.00003 0.00005 13000
56.50000 0.00007 0.00007 10000
56.50000 0.00006 0.00006 15000

